 TITLE = "FLUXES FOR donau_00"
 VARIABLES = TIME A_left A_right B_left B_right
   225.00000000000      9.92091501397966E-41 -5.65753716797935E-52  1.95309965218821E-17
 -9.11447182475435E-28
   450.00000000000     -3.26322028308793E-09  6.13793376660443E-18   10.159575687612    
   2.2154773606505    
   675.00000000000       11.129852841318      1.83707339125307E-02   20.116242638786    
   5.1252816439760    
   900.00000000000       15.592475936844      3.04333013902492E-02   21.509488010794    
   4.0525415687155    
   1125.0000000000       25.984509033945      4.85071486608034E-02   22.727154677769    
   2.7786477599892    
   1350.0000000000       47.920953015744      5.75014331838923E-02   39.187632659721    
   1.8463994580560    
   1575.0000000000       55.862311581417      3.43642396030405E-02   48.774854381491    
 -0.22514960749522    
   1800.0000000000       63.774126409674      5.10517383443192E-02   54.301457314620    
 -0.57942417610533    
   2025.0000000000       69.873460879026      7.18463846164464E-02   61.090136823029    
 -0.90462915274437    
   2250.0000000000       75.032714148732      6.66284409856721E-02   66.099053265774    
  -1.1671391702266    
   2475.0000000000       79.606928756446      6.49965492517015E-02   70.420162567196    
  -1.1989267712547    
   2700.0000000000       83.693619747034      7.21811030217118E-02   75.178518076306    
  -1.1899092489954    
   2925.0000000000       87.879359695666      7.77506495052502E-02   79.573511381249    
  -1.1825226333168    
   3150.0000000000       91.731689214561      8.66284709836483E-02   83.314666940929    
  -1.1394015047048    
   3375.0000000000       96.216261439133      9.32242850871880E-02   87.396658731671    
  -1.0200241077314    
   3600.0000000000       98.314902984912      8.80251420923317E-02   91.510702769251    
 -0.89777901042794    
   3825.0000000000       101.29881258601      9.03685904665766E-02   93.695883536338    
 -0.65556161380444    
   4050.0000000000       106.19783504393      9.68248587434857E-02   96.981647005170    
 -0.33776950757026    
   4275.0000000000       110.01305132190      0.10316206730719       101.32479086952    
 -0.16689819830600    
   4500.0000000000       113.71277235509      0.10784453912331       104.92247311502    
  0.10161270036991    
   4725.0000000000       115.98191924274      0.10880654377376       108.12572200532    
  0.34827785085454    
   4950.0000000000       120.31545981542      0.10626203849335       110.53436210089    
  0.68963769003381    
   5175.0000000000       123.92860148011      0.11774240787902       114.76994413859    
  0.84765756365155    
   5400.0000000000       127.09203216170      0.13073592705637       118.33582412236    
   1.0688289170944    
   5625.0000000000       129.71062812010      0.13506771266891       121.15185687377    
   1.3118651392372    
   5850.0000000000       132.11813876217      0.14728698173228       123.74519669209    
   1.5741242261469    
   6075.0000000000       133.70829447711      0.15605884114816       125.92374801007    
   1.8326393030925    
   6300.0000000000       136.40662194700      0.16541239128975       127.44745759353    
   2.1103803359680    
   6525.0000000000       139.36423395520      0.16452623646390       130.36089827244    
   2.2624728031184    
   6750.0000000000       142.27852981233      0.17834094906007       133.46119338319    
   2.3396547985367    
   6975.0000000000       144.52934895796      0.19061721223717       135.81153445249    
   2.5829799738261    
   7200.0000000000       146.85133772503      0.19489116334153       137.92214002801    
   2.7405605859648    
   7425.0000000000       149.39392010798      0.20890137087181       140.28144904824    
   2.8675863687326    
   7650.0000000000       151.52092083598      0.28567000817182       142.61659539666    
   2.9266160465657    
   7875.0000000000       153.91522337551      0.39899038646124       144.81139102891    
   3.1871101958910    
   8100.0000000000       156.15001083610      -19.464265955352       147.05401076700    
   3.3689063326206    
   8325.0000000000       157.40722402381      -11.219835086707       148.02883475177    
   3.4341722725997    
   8550.0000000000       159.56716619090      -8.4726840185835       150.62646950270    
   3.5562529455192    
   8775.0000000000       160.93743815373      -6.0727415108795       151.68163934747    
   3.4533155842761    
   9000.0000000000       161.90026708281      -6.4793019628204       153.37774757622    
   2.8785804555077    
   9225.0000000000       162.03412970617      -5.3086707680902       154.26304928878    
   2.2514933582910    
   9450.0000000000       162.95928840964      -1.8125032479177       154.50712300894    
   2.2528482367585    
   9675.0000000000       163.16785134139       2.6658477618675       155.05125371279    
   2.4058641070365    
   9900.0000000000       164.54386899548       1.2238703869815       156.13038480855    
   2.5730410334879    
   10125.000000000       166.26575415465      0.65534982983589       157.49916222794    
   2.8540466351110    
   10350.000000000       167.45699781632      0.38738482647081       158.67889479471    
   3.5650559467711    
   10575.000000000       169.49782405169      5.04079830244352E-02   160.08438059624    
   4.0704301747269    
   10800.000000000       170.94329100919      6.56772753275695E-02   161.98889409022    
   4.2716571056899    
   11025.000000000       173.34494071675     -0.24400793134368       163.51503126478    
   4.4408517194816    
   11250.000000000       175.16791839909      -1.0494884801994       165.07703251182    
   4.5528560632828    
   11475.000000000       178.63418023649      -3.7791839120291       167.41161370341    
   4.5955840255303    
   11700.000000000       179.79877215407      -2.9003575766975       170.31258199199    
   4.6466533866019    
   11925.000000000       181.28003122000      -2.7180359282395       171.08825415194    
   4.8739131283484    
   12150.000000000       181.61568357395      -2.1512602428595       171.76319275798    
   5.0408663434429    
   12375.000000000       182.21170066471      -1.8343226061265       172.35522393187    
   5.2666208478478    
   12600.000000000       181.53720271132      0.13541984711763       172.82225656085    
   5.4033167389710    
   12825.000000000       181.90430306535       1.3475601669871       172.40222234591    
   5.6178246919242    
   13050.000000000       183.43054784457     -0.42936777555471       173.28252738776    
   5.6552666390403    
   13275.000000000       187.06623019765      -4.3309882664557       175.13906913022    
   5.7088091230187    
   13500.000000000       188.17688391015      -3.1110320030466       177.91401218684    
   5.7381100509130    
   13725.000000000       190.10356926786      -3.2314212643416       178.53011168604    
   5.9227845741977    
   13950.000000000       190.69128281490      -2.7911629920133       179.75632612927    
   6.0220425451713    
   14175.000000000       191.54832972168      -2.5552396477764       180.38100909915    
   6.2217486303865    
   14400.000000000       191.67550159970      -2.1362482329280       180.93668262064    
   6.3426657251641    
   14625.000000000       192.42807102988      -2.0399521005513       181.39114062146    
   6.6075391007067    
   14850.000000000       193.18787708893      -2.1050077250519       182.26933916409    
   6.8366859061746    
   15075.000000000       194.22344939268      -2.1201106449350       183.31743473484    
   6.8893786001887    
   15300.000000000       195.48584918134      -2.1526892724357       184.17575280895    
   7.0195192101035    
   15525.000000000       196.45905032833      -2.1875074981734       185.10521131990    
   7.0941359202199    
   15750.000000000       197.29490498479      -2.2089170702705       185.88758121104    
   7.2240008840422    
   15975.000000000       198.21514043122      -2.2377065675562       186.55512076416    
   7.3310810891910    
   16200.000000000       198.99577911048      -2.3001555222922       187.25849663934    
   7.4361909316216    
   16425.000000000       199.86089479278      -2.5333525017565       187.92800336216    
   7.5566490530778    
   16650.000000000       200.45094512301      -2.5235442132179       188.70388153902    
   7.6993397771762    
   16875.000000000       200.98100522320      -2.5564986708451       189.17025191458    
   7.8246269994531    
   17100.000000000       201.73680672931      -2.4912431775979       189.58359429829    
   7.9709527870572    
   17325.000000000       202.26659357746      -2.5642425531232       190.02839736184    
   8.1111885262874    
   17550.000000000       202.79785907951      -2.5588719598025       190.61611564949    
   8.2822707283714    
   17775.000000000       203.51155299502      -2.6139404263664       191.12672692489    
   8.3677316346627    
   18000.000000000       204.12188332316      -2.5984132333072       191.84331045541    
   8.5382822550236    
   18225.000000000       204.56584989500      -2.4023158593853       192.27795529296    
   8.7244630849082    
   18450.000000000       205.23638958480      -2.9051222486016       192.54882887542    
   8.7538905716169    
   18675.000000000       205.77484292939      -2.7002735293594       192.98186369910    
   8.8868942794761    
   18900.000000000       206.12105279651      -2.8891415519834       193.35229691328    
   9.0262890536325    
   19125.000000000       207.01060757176      -3.1255224624731       193.54196016157    
   9.1301458958577    
   19350.000000000       207.56554496787      -3.5100095558584       193.33250567151    
   9.4141934537975    
   19575.000000000       208.18537364556      -3.6411522915828       194.13946559226    
   9.6391779582934    
   19800.000000000       208.61444760414      -3.8296455429705       194.44872112465    
   9.6868580974539    
   20025.000000000       208.95411861335      -3.9309350538836       194.60180639217    
   9.6558762236992    
   20250.000000000       209.58856150846      -3.9486070698894       194.88056040945    
   9.8608913905592    
   20475.000000000       209.93779104223      -3.9609272353800       195.38260841338    
   10.032177389463    
   20700.000000000       210.25246192781      -4.0543322359892       195.78745791776    
   10.124616827149    
   20925.000000000       210.76125561215      -4.1429379479911       196.04351386252    
   10.015920834462    
   21150.000000000       211.09038950914      -4.0926427981625       196.28422794601    
   10.113843672273    
   21375.000000000       211.40337754782      -4.0384708179283       196.67399209285    
   10.282808088206    
   21600.000000000       211.59029193277      -4.1866188705433       196.90721505782    
   10.353957474855    
   21825.000000000       211.86759802385      -4.2957398501877       197.12261435292    
   10.514970931136    
   22050.000000000       212.26689377211      -4.1711404575313       197.62991677127    
   10.710517412877    
   22275.000000000       212.64358983245      -4.3698220534772       197.56378146035    
   10.727805996082    
   22500.000000000       212.85756680817      -4.2814071023239       197.88509430936    
   10.735170576080    
   22725.000000000       213.11485450550      -4.3071438653171       198.38295701526    
   10.870007620184    
   22950.000000000       213.59470084695      -4.4364906037475       198.55539609231    
   10.875054318814    
   23175.000000000       213.81331574726      -4.4898876752628       198.59214331287    
   10.839118451266    
   23400.000000000       214.12341280315      -4.5003012410544       198.85201299135    
   10.970584969832    
   23625.000000000       214.24356069066      -4.4497971343231       199.09282539160    
   11.041414266854    
   23850.000000000       214.51075133213      -4.5151960141671       199.41938461657    
   11.143996076678    
   24075.000000000       214.76461418259      -4.4970921129984       199.43254490822    
   11.160535843470    
   24300.000000000       214.97716061013      -4.5071494901262       199.61105184385    
   11.189776051205    
   24525.000000000       215.25802613042      -4.4853323160674       199.69573447634    
   11.255414978011    
   24750.000000000       215.51489166752      -4.4960875461946       200.21835053353    
   11.406941032838    
   24975.000000000       215.69777976582      -4.4961524829833       200.16022061518    
   11.405406428198    
   25200.000000000       215.77715212192      -4.5624520121148       200.36489069453    
   11.492611768214    
   25425.000000000       215.97561621129      -4.5277860407068       200.76750350186    
   11.574019777768    
   25650.000000000       216.16634637139      -4.5228483869514       200.68128948548    
   11.574988197830    
   25875.000000000       216.26660609863      -4.4792284676973       200.57395176974    
   11.620534762957    
   26100.000000000       216.57422085312      -4.4787164143968       200.97648863433    
   11.666759508595    
   26325.000000000       216.68502968527      -4.4587127947440       201.19356906659    
   11.788157678952    
   26550.000000000       216.88132639815      -4.4811517102403       201.40981083718    
   11.813764419616    
   26775.000000000       216.94020110908      -4.4889630584402       201.31279688881    
   11.823900334528    
   27000.000000000       217.05593388980      -4.4839084019281       201.45882917025    
   11.884508056728    
   27225.000000000       217.21376979946      -4.4985161664603       201.58569271170    
   11.860427909934    
   27450.000000000       217.72704447004      -4.4971057105875       201.56145403839    
   11.900975267828    
   27675.000000000       217.67944764106      -4.4824424875776       201.92533685308    
   11.994559552040    
   27900.000000000       217.77670800350      -4.5542198287665       202.05240219976    
   12.021597687083    
   28125.000000000       217.89910373982      -4.5857545395877       201.94676643205    
   12.103683136377    
   28350.000000000       217.95449657052      -4.5338967147470       202.21017287180    
   12.125386855305    
   28575.000000000       217.99825327776      -4.6225033133702       202.30382107548    
   12.116062758829    
   28800.000000000       218.13265237043      -4.5322447596664       202.43495044160    
   12.154252608821    
   29025.000000000       218.20237246745      -4.5666823564248       202.39997010889    
   12.136955255362    
   29250.000000000       218.43179164485      -4.6161330576836       202.51282395091    
   12.207786619239    
   29475.000000000       218.52482167209      -4.6226021186857       202.51434806478    
   12.219568054524    
   29700.000000000       218.57613321029      -4.6412732397422       202.76661682348    
   12.256733012884    
   29925.000000000       218.70347791316      -4.5777164653252       202.87243705608    
   12.342667454322    
   30150.000000000       218.66910427364      -4.5367926893499       202.97876459804    
   12.319340450475    
   30375.000000000       218.86242245071      -4.6646878643672       202.79688490118    
   12.293504551726    
   30600.000000000       218.83261092495      -4.6819567592685       202.90030506941    
   12.329193780186    
   30825.000000000       219.06458842857      -4.6513631659384       202.98462005735    
   12.311564081889    
   31050.000000000       219.07446878543      -4.6483482125038       203.10975183295    
   12.408607693940    
   31275.000000000       219.20470130610      -4.5798705303067       203.23246035027    
   12.408859525812    
   31500.000000000       219.29421306218      -4.6536126212394       203.32728734688    
   12.430322433635    
   31725.000000000       219.23165993688      -4.6215909888855       203.41024676253    
   12.511890813569    
   31950.000000000       219.35926182920      -4.6236579416462       203.28274094318    
   12.403797633487    
   32175.000000000       219.38314413083      -4.6550104646740       203.46320384279    
   12.485250917244    
   32400.000000000       219.55185085103      -4.6856009620646       203.52308951361    
   12.497962073768    
   32625.000000000       219.50956874382      -4.6136498469195       203.54380475396    
   12.463083486257    
   32850.000000000       219.63997542320      -4.7004944440422       203.53392549595    
   12.523897577359    
   33075.000000000       219.59963702940      -4.6111095433882       203.68953987658    
   12.524676346222    
   33300.000000000       219.76857447125      -4.6481895355520       203.74162203245    
   12.569443158587    
   33525.000000000       219.73776842362      -4.6908063191887       203.82566350107    
   12.596310444476    
   33750.000000000       219.93354007375      -4.6698632926646       203.79419748498    
   12.530191856091    
   33975.000000000       220.03647106227      -4.6348858417939       203.99025015984    
   12.606038458711    
   34200.000000000       219.99829511326      -4.6301496795924       203.92328756422    
   12.590402400571    
   34425.000000000       220.09409426706      -4.6404564191600       203.91642214357    
   12.581880203990    
   34650.000000000       220.12838874283      -4.6630072294621       203.91215962364    
   12.611827152331    
   34875.000000000       220.10883991484      -4.6436727334700       204.03894034952    
   12.621784392282    
   35100.000000000       220.15519625779      -4.6465145579676       204.06418501401    
   12.668916901287    
   35325.000000000       220.18839397051      -4.6804815737080       204.16115946885    
   12.672965129423    
   35550.000000000       220.18288166404      -4.6922177539237       204.11065894793    
   12.675693698046    
   35775.000000000       220.23866134363      -4.6621890875656       204.08417970073    
   12.679002796456    
   36000.000000000       220.31109768222      -4.6771959194383       204.21689836881    
   12.681834712895    
   36225.000000000       220.28783060254      -4.6641701448806       204.13625255240    
   12.718198502595    
   36450.000000000       220.41124123362      -4.6802927596017       204.13996568539    
   12.670615589676    
   36675.000000000       220.44068715391      -4.6825009058785       204.25610326555    
   12.700830654357    
   36900.000000000       220.42542263593      -4.7148668383155       204.33504053682    
   12.712490872843    
   37125.000000000       220.46801394737      -4.6467480142966       204.31522332091    
   12.699799543441    
   37350.000000000       220.51889778443      -4.6514313731575       204.35901875676    
   12.770544494986    
   37575.000000000       220.52891075070      -4.6386432900557       204.42226514418    
   12.729703827401    
   37800.000000000       220.48793500807      -4.6986371016538       204.28014933082    
   12.720198390346    
   38025.000000000       220.53984215245      -4.7034910054887       204.30796868871    
   12.734894134793    
   38250.000000000       220.58024383172      -4.6749692328755       204.39001649226    
   12.721298443479    
   38475.000000000       220.62577062490      -4.6199139683285       204.52534882877    
   12.801166452330    
   38700.000000000       220.61254189782      -4.7362999840613       204.43962694513    
   12.733281827929    
   38925.000000000       220.69767325570      -4.6579323428282       204.51674357026    
   12.765117941515    
   39150.000000000       220.68138637751      -4.6916778920035       204.54140664413    
   12.766284717273    
   39375.000000000       220.70493432860      -4.6703656737996       204.55731457685    
   12.768873832965    
   39600.000000000       220.73177169461      -4.6734870468610       204.51386422979    
   12.802925018323    
   39825.000000000       220.70422121041      -4.6486797541579       204.48385222638    
   12.748506411628    
   40050.000000000       220.76691936567      -4.7162048363586       204.46122286746    
   12.776591578590    
   40275.000000000       220.64940595245      -4.7052357801984       204.63773114952    
   12.803546304055    
   40500.000000000       220.75317265300      -4.6498886069123       204.53964975585    
   12.772076067155    
   40725.000000000       220.82799699868      -4.7218471490204       204.54471493242    
   12.814769494068    
   40950.000000000       220.81052508669      -4.6767836850678       204.68026727462    
   12.783475891461    
   41175.000000000       220.82016257750      -4.7111801464074       204.66954174985    
   12.838036328217    
   41400.000000000       220.83987626974      -4.6925704219299       204.49033975056    
   12.784592945057    
   41625.000000000       220.82247103642      -4.7364488357414       204.59868426809    
   12.825607391190    
   41850.000000000       220.81481810738      -4.6907491825726       204.60362269747    
   12.857416124470    
   42075.000000000       220.87766170816      -4.6913484499816       204.77191303962    
   12.818952462821    
   42300.000000000       220.91399151872      -4.6985062439546       204.68414785932    
   12.827807902971    
   42525.000000000       220.92637923709      -4.7167677333868       204.72348316910    
   12.805739675081    
   42750.000000000       220.97062436361      -4.7379857204322       204.76769340893    
   12.823726998512    
   42975.000000000       220.92961123758      -4.7053971594130       204.66645895243    
   12.841709355181    
   43200.000000000       220.90401586056      -4.6726208166313       204.61014484095    
   12.802646574748    
   43425.000000000       220.94049760382      -4.7010156911891       204.74609622189    
   12.875756367184    
   43650.000000000       220.97612335082      -4.6971496240792       204.65355688406    
   12.785862325443    
   43875.000000000       220.92007957092      -4.7158816190112       204.77837050914    
   12.831322435337    
   44100.000000000       220.96123688884      -4.6947029348817       204.65600305393    
   12.821175573065    
   44325.000000000       220.98486275863      -4.7078364941774       204.76908059051    
   12.846964340326    
   44550.000000000       220.99820764864      -4.6610156434597       204.79472719542    
   12.873930172312    
   44775.000000000       220.93550427830      -4.6736421845181       204.80485657403    
   12.837427285958    
   45000.000000000       220.98047502920      -4.6663038003264       204.70660249689    
   12.826329478487    
   45225.000000000       220.98676625632      -4.7192394831165       204.68418634409    
   12.835174195407    
   45450.000000000       221.04085203989      -4.7243154651689       204.73353119420    
   12.823569394623    
   45675.000000000       221.06919017368      -4.6755064135575       204.90924775426    
   12.897168550571    
   45900.000000000       221.00063667767      -4.7101455612393       204.81220210970    
   12.830981423038    
   46125.000000000       220.99132036792      -4.6535905705779       204.76108206336    
   12.824863767292    
   46350.000000000       221.06692169486      -4.7038939680372       204.80811990612    
   12.867769673713    
   46575.000000000       221.03081532233      -4.7327685939149       204.66285409295    
   12.781699132619    
   46800.000000000       221.05292546695      -4.7045442888538       204.72239706635    
   12.896425362504    
   47025.000000000       221.07531465470      -4.7097090252871       204.78010492087    
   12.867895976717    
   47250.000000000       221.13213649754      -4.7002987708899       204.79510300445    
   12.850415281452    
   47475.000000000       221.03116782371      -4.6829587133282       204.89150292069    
   12.884029006250    
   47700.000000000       221.08204469994      -4.6746615878942       204.81050687808    
   12.853482429036    
   47925.000000000       221.09650513859      -4.6696793330358       204.76381351078    
   12.894040947899    
   48150.000000000       221.11152993991      -4.6984042256822       204.84449194844    
   12.835308184759    
   48375.000000000       221.04379103958      -4.7106782920055       204.66611263387    
   12.856907469815    
   48600.000000000       221.10939259194      -4.6780024196794       204.79376106187    
   12.890277016626    
   48825.000000000       221.09808063488      -4.6930900436184       204.93532384094    
   12.871308491522    
   49050.000000000       221.10588439165      -4.7041449586472       204.83168283723    
   12.895060432213    
   49275.000000000       221.11291674020      -4.7104506774869       204.88974088404    
   12.874191006520    
   49500.000000000       221.10879673714      -4.7309565585834       204.89796736167    
   12.911055446681    
   49725.000000000       221.05098506943      -4.7239821382416       204.84654583928    
   12.879489635788    
   49950.000000000       221.07946216113      -4.7003894268498       204.86831139015    
   12.853132874260    
   50175.000000000       221.08929300541      -4.7006263584161       204.85284333688    
   12.915569169098    
   50400.000000000       221.14148893660      -4.6861456226686       204.81227664095    
   12.873544093690    
   50625.000000000       221.07737496859      -4.7014951886478       204.95932702450    
   12.931189231770    
   50850.000000000       221.06720921075      -4.6935155990220       204.86070106745    
   12.863374386358    
   51075.000000000       221.13757219903      -4.7200282999985       204.78228876002    
   12.875629393755    
   51300.000000000       221.15300456638      -4.7145506815698       204.83373876674    
   12.868963321966    
   51525.000000000       221.12068174336      -4.7061617473915       204.84611091554    
   12.868175819434    
   51750.000000000       221.12906633731      -4.7543516747216       204.84868113772    
   12.941836775840    
   51975.000000000       221.08343954174      -4.7098881220689       204.79901265909    
   12.873124833939    
   52200.000000000       221.04553033145      -4.6790264205724       204.88888808118    
   12.867279536412    
   52425.000000000       221.12115073861      -4.7117842453435       204.91632895069    
   12.902010535166    
   52650.000000000       221.14314942077      -4.6847956529370       204.86713494776    
   12.882836612448    
   52875.000000000       221.13014521794      -4.6569035307826       204.86669110666    
   12.918663484659    
   53100.000000000       221.13928111557      -4.6905471517372       204.96444086783    
   12.879904677749    
   53325.000000000       221.15811565539      -4.6871767982471       204.82051323079    
   12.870673845655    
   53550.000000000       221.16218114029      -4.6869698821348       204.92498005093    
   12.905318423111    
   53775.000000000       221.27367394474      -4.7069492625250       204.91303213206    
   12.868713715146    
   54000.000000000       221.23471180691      -4.6724181581389       204.94097110877    
   12.889628193007    
   54225.000000000       221.17812490692      -4.6613167035521       204.94474808322    
   12.879543604419    
   54450.000000000       221.16968247383      -4.7309296509971       204.93193269388    
   12.896706782894    
   54675.000000000       221.22011094979      -4.6899138723628       204.95328957157    
   12.909650766723    
   54900.000000000       221.19775910238      -4.6884562556789       205.00274840099    
   12.877423481562    
   55125.000000000       221.15103364113      -4.7035154037799       204.96473905809    
   12.898196172554    
   55350.000000000       221.17206923147      -4.6639285773353       204.77425022872    
   12.847370530386    
   55575.000000000       221.13015434122      -4.6711765235044       204.82630635629    
   12.875083537619    
   55800.000000000       221.14798008693      -4.7000313653246       204.96608020791    
   12.906759717426    
   56025.000000000       221.13359222476      -4.7143829329768       204.78369135755    
   12.841533882072    
   56250.000000000       221.17603150456      -4.7352221226262       204.86919321114    
   12.907385882023    
   56475.000000000       221.14157889586      -4.7118834634113       205.02138397694    
   12.885713975827    
   56700.000000000       221.13665317898      -4.6755806611804       204.89309260350    
   12.896235380948    
   56925.000000000       221.22006544225      -4.6772907929195       204.92743226141    
   12.889411633527    
   57150.000000000       221.23689722002      -4.6860291923374       204.88209987656    
   12.881558429595    
   57375.000000000       221.21648403624      -4.6847571213007       204.82976606861    
   12.875878966997    
   57600.000000000       221.11559915341      -4.7090732643045       204.85037370459    
   12.882931510210    
   57825.000000000       221.14640950039      -4.7363465653586       204.99166149337    
   12.930439540717    
   58050.000000000       221.11770980076      -4.7021905750656       204.82416339365    
   12.883522443455    
   58275.000000000       221.20202726417      -4.6987223581520       204.93474004688    
   12.868107508570    
   58500.000000000       221.18329577645      -4.6835675527071       204.94762606507    
   12.903948938973    
   58725.000000000       221.26253630050      -4.6750688790070       204.76229795264    
   12.836867117254    
   58950.000000000       221.20915147162      -4.6921234104981       204.98572093603    
   12.920366249371    
   59175.000000000       221.21649984335      -4.7068910977731       204.91228752826    
   12.883253583454    
   59400.000000000       221.18687375020      -4.7149326721721       205.03892739788    
   12.874042021481    
   59625.000000000       221.23641333859      -4.7182463110361       204.94075173832    
   12.882044382911    
   59850.000000000       221.24777407567      -4.6982193792809       204.87839438288    
   12.846977086748    
   60075.000000000       221.24114624654      -4.6727704968283       204.97707374677    
   12.925982688823    
   60300.000000000       221.23413730212      -4.6862921967899       204.93043826009    
   12.854258421662    
   60525.000000000       221.17147737308      -4.6828650679449       204.94947322017    
   12.899921347412    
   60750.000000000       221.13510576917      -4.7165905377783       204.96203911785    
   12.909258009465    
   60975.000000000       221.21888367179      -4.7342613802941       204.91259710652    
   12.850608785459    
   61200.000000000       221.22082478782      -4.7200142860413       204.96914217597    
   12.915295636721    
   61425.000000000       221.11706564537      -4.7008874756031       204.86681740279    
   12.853437333883    
   61650.000000000       221.17699029391      -4.6783310256532       204.79095484651    
   12.899346195042    
   61875.000000000       221.14243616301      -4.6671251485334       204.99871761065    
   12.924605318812    
   62100.000000000       221.16255670064      -4.6844890899756       204.90445891703    
   12.882407998256    
   62325.000000000       221.19172386886      -4.7211015644059       204.85406931404    
   12.888707252806    
   62550.000000000       221.19148711520      -4.7335646562061       204.95723607181    
   12.908282027638    
   62775.000000000       221.20192587191      -4.7205132843297       204.81629117627    
   12.923685117349    
   63000.000000000       221.20725194690      -4.6871375803031       204.86636125081    
   12.850502793534    
   63225.000000000       221.16927976342      -4.6604357882215       204.81455728231    
   12.910858284963    
   63450.000000000       221.10983863537      -4.6768295625003       204.78179657062    
   12.898037971033    
   63675.000000000       221.13934915786      -4.6982273598507       204.96870251378    
   12.894428362797    
   63900.000000000       221.17237435933      -4.7241049696808       204.98508018512    
   12.933837249946    
   64125.000000000       221.17855484041      -4.7314054218310       204.94843977465    
   12.887227301713    
   64350.000000000       221.17790634650      -4.7155395076436       204.93767181193    
   12.899579334753    
   64575.000000000       221.17192832059      -4.6733734258680       204.87475530251    
   12.924495870963    
   64800.000000000       221.18229333668      -4.6792062650352       204.99840967443    
   12.872934766544    
   65025.000000000       221.15774483670      -4.6826506962735       204.79846481730    
   12.913604799216    
   65250.000000000       221.14315251660      -4.6946206802705       204.88555967839    
   12.875365609466    
   65475.000000000       221.16966671114      -4.7232898200802       204.97736008459    
   12.897984696340    
   65700.000000000       221.14582906129      -4.7281053240308       204.93375716029    
   12.938593480136    
   65925.000000000       221.16329465674      -4.7012169217578       204.96294347908    
   12.863937798318    
   66150.000000000       221.13627405866      -4.7040339259947       204.95599349479    
   12.909615692783    
   66375.000000000       221.18754703483      -4.6868695783606       204.91276033976    
   12.851646544530    
   66600.000000000       221.22626771292      -4.6853696348773       204.93810133466    
   12.917271456122    
   66825.000000000       221.20185577328      -4.7029170413198       204.80612609318    
   12.898088205381    
   67050.000000000       221.20015317832      -4.7177769768530       204.86871444946    
   12.882576047356    
   67275.000000000       221.12898108075      -4.7292280147638       204.96951336914    
   12.925073820739    
   67500.000000000       221.15049645197      -4.7318157423994       204.94023937106    
   12.874865769817    
   67725.000000000       221.19409693615      -4.6893093328574       204.82052224201    
   12.885793442440    
   67950.000000000       221.25440280769      -4.6824530693793       205.01652599025    
   12.921002238649    
   68175.000000000       221.20221522070      -4.6755095564856       204.96171327088    
   12.896397344590    
   68400.000000000       221.23762106576      -4.6814276351836       204.83951396706    
   12.916542215768    
   68625.000000000       221.17286131964      -4.7233894385876       204.84643061533    
   12.866171021784    
   68850.000000000       221.14349980489      -4.7341542568306       204.93605753695    
   12.927397953755    
   69075.000000000       221.10689442267      -4.7151506016621       204.95233589117    
   12.890206013565    
   69300.000000000       221.16607983911      -4.6834723856896       204.88419009105    
   12.886265246666    
   69525.000000000       221.20385097925      -4.6624240482379       205.01609423624    
   12.948110629115    
   69750.000000000       221.20263460658      -4.6646566372350       204.98048784619    
   12.879968167525    
   69975.000000000       221.20195079551      -4.6977866604094       205.05340015027    
   12.930346870500    
   70200.000000000       221.22462604333      -4.7296051812258       204.94289806367    
   12.865371132607    
   70425.000000000       221.23109238037      -4.7297240258689       204.81677406294    
   12.875959814012    
   70650.000000000       221.19688146693      -4.7132518762915       204.83917816405    
   12.904940617184    
   70875.000000000       221.23112000100      -4.6817022748459       204.93226124298    
   12.879107076912    
   71100.000000000       221.20941104122      -4.6578579016164       204.98247328667    
   12.927618284047    
   71325.000000000       221.19153634161      -4.6846363888765       204.88871894876    
   12.871878464916    
   71550.000000000       221.24367794152      -4.6964700621290       204.80815092039    
   12.851855007225    
   71775.000000000       221.25450968493      -4.7259004861102       205.00452148568    
   12.912776591056    
   72000.000000000       221.14237689445      -4.7356847199716       204.93665269033    
   12.878485567133    
