13
-33.28	335.17
-7.11	333.99
-3.92	333.88
-3.08	333.69
-1.19	332.11
-1.01	331.8
-0.01	331.75
1.31	331.79
1.87	332.27
3.5	334.41
4.52	334.54
8.02	334.7
27.25	333.67
19
-33.03	332.89
-10.94	332.93
-6.49	333.14
-5.78	333.2
-4.44	333.19
-3.33	332.72
-1.86	331.93
-1.08	331.09
-0.67	331.07
-0.59	330.99
-0.03	330.95
0.68	330.97
1.95	332.48
2.52	332.64
4.88	333.08
6.21	333.1
7.42	332.84
11.53	332.92
29.64	332.56
14
-33.88	332.09
-25.75	332.22
-18.72	332.23
-11.67	332.38
-3.41	332.87
-2.2	331.75
-1.23	330.56
-0.0	330.52
1.07	331.23
2.58	331.68
4.54	332.51
6.9	332.51
19.08	332.24
28.9	332.1
19
-38.48	331.37
-28.94	331.38
-19.24	331.52
-9.32	331.58
-4.09	332.0
-2.9	332.12
-2.13	331.94
-1.67	331.77
-1.55	331.6
-1.12	330.79
-0.61	330.15
0.01	330.13
0.51	330.23
1.68	330.3
3.61	331.11
4.84	331.76
7.29	331.84
17.55	331.61
28.52	331.38
15
-42.43	330.75
-32.74	330.8
-17.93	330.95
-9.61	330.89
-3.31	331.17
-1.33	330.96
-0.27	330.01
0.02	329.83
0.66	329.87
1.62	329.9
1.73	329.97
2.47	330.3
9.91	331.17
18.4	330.88
27.45	330.78
23
-23.75	331.56
-15.98	331.61
-7.47	331.66
-6.51	331.65
-4.81	331.37
-3.4	330.91
-1.98	330.25
-1.7	330.17
-0.75	330.0
0.02	329.8
0.15	329.74
0.86	330.1
1.16	330.07
1.37	330.2
1.44	330.3
2.18	330.72
2.81	330.82
3.2	330.89
5.91	331.11
7.33	331.69
12.05	331.7
19.41	331.67
30.27	331.69
18
-22.01	331.33
-13.55	331.47
-8.54	331.34
-7.24	330.95
-4.05	330.36
-3.03	329.88
-0.78	329.74
-0.69	329.71
-0.55	329.53
0.07	329.49
0.86	329.65
1.39	330.24
2.19	330.81
3.96	331.34
5.36	331.51
10.57	331.56
20.01	331.55
29.53	331.51
22
-21.43	331.11
-13.22	331.31
-6.6	331.42
-3.51	331.06
-3.04	330.84
-1.54	330.11
-1.06	329.83
-0.68	329.61
-0.63	329.43
-0.51	329.26
-0.0	329.27
0.54	329.39
0.76	329.46
1.56	329.44
2.62	329.93
3.67	330.01
4.9	330.63
5.68	331.12
6.42	331.34
12.67	331.37
19.9	331.08
32.83	331.11
20
-21.37	331.01
-14.52	331.02
-4.99	331.25
-2.44	331.15
-2.21	330.91
-2.04	330.8
-1.47	330.45
-0.67	330.09
-0.18	329.6
-0.01	329.09
0.14	329.23
0.9	329.48
2.7	329.49
4.36	329.37
5.46	329.92
5.97	330.64
7.54	331.23
12.6	331.29
19.59	331.18
32.69	331.04
25
-26.27	329.66
-16.1	329.57
-9.75	329.63
-7.22	329.77
-4.08	329.9
-2.54	329.84
-1.97	329.92
-1.12	329.49
-0.74	329.2
-0.56	329.03
-0.44	329.11
-0.33	328.99
0.02	328.8
0.32	328.95
0.44	329.07
0.65	329.15
1.11	329.29
1.62	329.94
3.01	330.01
4.6	329.74
5.09	329.7
6.72	329.39
13.98	329.35
28.36	329.15
38.75	329.01
18
-24.02	329.19
-15.63	329.14
-7.07	329.22
-3.23	329.28
-1.55	328.49
-0.44	327.84
-0.03	327.7
0.35	327.83
1.35	328.57
1.84	329.17
2.88	329.58
3.29	329.54
3.63	329.5
4.21	329.28
4.71	329.11
6.68	328.88
16.88	328.7
30.0	328.62
15
-32.25	328.47
-17.14	328.41
-3.59	328.45
-2.38	328.76
-1.53	328.61
-0.78	327.53
-0.0	327.41
0.64	327.51
2.61	328.41
3.83	328.66
5.88	329.06
7.07	328.84
8.21	328.32
20.28	328.18
30.77	328.03
22
-32.24	327.87
-10.6	327.79
-7.04	327.89
-4.87	327.93
-2.96	328.05
-1.48	328.01
-0.49	326.58
-0.39	326.52
0.0	326.41
0.55	326.51
0.78	326.79
1.07	327.12
2.34	327.67
3.41	327.85
5.14	328.4
5.44	328.49
6.26	328.43
7.04	328.14
8.11	327.79
8.8	327.69
23.58	327.62
32.8	327.49
22
-32.83	327.59
-14.01	327.46
-11.34	327.46
-7.44	327.34
-6.12	327.43
-4.28	327.64
-2.98	327.48
-2.08	327.25
-1.1	326.46
-0.81	326.13
-0.52	325.83
0.02	325.83
0.59	326.01
1.1	326.89
1.68	327.14
3.21	327.66
4.38	327.89
5.28	327.69
6.31	327.24
7.99	327.16
19.13	327.03
30.18	326.95
19
-31.51	326.57
-10.99	326.49
-6.02	326.62
-4.41	326.65
-2.71	326.77
-1.54	326.38
-0.91	325.65
-0.58	325.42
-0.42	325.33
-0.0	325.27
0.69	325.48
0.84	325.59
1.32	326.04
2.5	326.5
4.99	326.83
7.56	326.77
12.63	326.73
23.72	326.65
34.96	326.55
24
-32.94	326.35
-12.32	326.25
-9.34	326.34
-5.82	326.54
-5.07	326.51
-4.35	326.73
-3.06	326.47
-1.86	325.91
-1.18	325.23
-0.67	325.11
-0.54	325.06
-0.5	325.0
-0.01	324.96
0.45	324.92
0.68	325.71
1.16	325.96
2.27	326.31
3.28	326.41
5.45	326.38
5.89	326.32
8.07	326.26
11.96	326.12
15.36	326.26
34.16	326.23
23
-35.75	326.07
-14.56	325.88
-7.49	325.81
-5.52	326.07
-4.52	326.01
-2.61	325.71
-1.81	325.34
-0.6	324.29
-0.43	324.32
-0.33	324.23
0.02	324.19
0.3	324.23
0.42	324.36
0.71	324.46
1.69	325.72
2.58	326.02
3.44	326.12
4.41	326.08
5.96	325.82
7.83	325.74
13.08	325.72
15.63	325.75
34.39	325.86
20
-38.72	325.56
-11.71	325.28
-5.31	325.29
-3.69	325.39
-2.59	325.41
-1.49	325.07
-1.02	324.3
-0.49	323.99
-0.36	323.91
-0.01	323.89
0.27	323.91
0.33	323.96
1.03	324.37
1.5	324.9
2.48	325.36
3.18	325.43
4.41	325.54
7.56	325.37
12.26	325.25
33.73	325.33
14
-39.68	324.87
-18.43	325.17
-5.29	325.01
-3.58	324.99
-1.79	324.21
-0.8	323.42
-0.42	323.31
0.0	323.25
0.8	323.42
2.76	324.56
4.52	325.09
6.71	325.25
18.12	324.93
32.14	325.0
13
-38.63	325.56
-6.33	324.9
-5.12	323.99
-3.28	322.24
-0.53	321.4
0.23	321.27
1.22	321.54
2.61	322.47
4.37	324.15
9.43	324.74
15.02	325.09
18.44	325.28
39.92	325.38
