Time	A	B	C	D	
225.0	0.0	-0.0	0.0	-0.0	
450.0	-0.0	0.0	10.16	2.22	
675.0	11.13	0.02	20.12	5.13	
900.0	15.59	0.03	21.51	4.05	
1125.0	25.98	0.05	22.73	2.78	
1350.0	47.92	0.06	39.19	1.85	
1575.0	55.86	0.03	48.77	-0.23	
1800.0	63.77	0.05	54.3	-0.58	
2025.0	69.87	0.07	61.09	-0.9	
2250.0	75.03	0.07	66.1	-1.17	
2475.0	79.61	0.06	70.42	-1.2	
2700.0	83.69	0.07	75.18	-1.19	
2925.0	87.88	0.08	79.57	-1.18	
3150.0	91.73	0.09	83.31	-1.14	
3375.0	96.22	0.09	87.4	-1.02	
3600.0	98.31	0.09	91.51	-0.9	
3825.0	101.3	0.09	93.7	-0.66	
4050.0	106.2	0.1	96.98	-0.34	
4275.0	110.01	0.1	101.32	-0.17	
4500.0	113.71	0.11	104.92	0.1	
4725.0	115.98	0.11	108.13	0.35	
4950.0	120.32	0.11	110.53	0.69	
5175.0	123.93	0.12	114.77	0.85	
5400.0	127.09	0.13	118.34	1.07	
5625.0	129.71	0.14	121.15	1.31	
5850.0	132.12	0.15	123.75	1.57	
6075.0	133.71	0.16	125.92	1.83	
6300.0	136.41	0.17	127.45	2.11	
6525.0	139.36	0.16	130.36	2.26	
6750.0	142.28	0.18	133.46	2.34	
6975.0	144.53	0.19	135.81	2.58	
7200.0	146.85	0.19	137.92	2.74	
7425.0	149.39	0.21	140.28	2.87	
7650.0	151.52	0.29	142.62	2.93	
7875.0	153.92	0.4	144.81	3.19	
8100.0	156.15	-19.46	147.05	3.37	
8325.0	157.41	-11.22	148.03	3.43	
8550.0	159.57	-8.47	150.63	3.56	
8775.0	160.94	-6.07	151.68	3.45	
9000.0	161.9	-6.48	153.38	2.88	
9225.0	162.03	-5.31	154.26	2.25	
9450.0	162.96	-1.81	154.51	2.25	
9675.0	163.17	2.67	155.05	2.41	
9900.0	164.54	1.22	156.13	2.57	
10125.0	166.27	0.66	157.5	2.85	
10350.0	167.46	0.39	158.68	3.57	
10575.0	169.5	0.05	160.08	4.07	
10800.0	170.94	0.07	161.99	4.27	
11025.0	173.34	-0.24	163.52	4.44	
11250.0	175.17	-1.05	165.08	4.55	
11475.0	178.63	-3.78	167.41	4.6	
11700.0	179.8	-2.9	170.31	4.65	
11925.0	181.28	-2.72	171.09	4.87	
12150.0	181.62	-2.15	171.76	5.04	
12375.0	182.21	-1.83	172.36	5.27	
12600.0	181.54	0.14	172.82	5.4	
12825.0	181.9	1.35	172.4	5.62	
13050.0	183.43	-0.43	173.28	5.66	
13275.0	187.07	-4.33	175.14	5.71	
13500.0	188.18	-3.11	177.91	5.74	
13725.0	190.1	-3.23	178.53	5.92	
13950.0	190.69	-2.79	179.76	6.02	
14175.0	191.55	-2.56	180.38	6.22	
14400.0	191.68	-2.14	180.94	6.34	
14625.0	192.43	-2.04	181.39	6.61	
14850.0	193.19	-2.11	182.27	6.84	
15075.0	194.22	-2.12	183.32	6.89	
15300.0	195.49	-2.15	184.18	7.02	
15525.0	196.46	-2.19	185.11	7.09	
15750.0	197.29	-2.21	185.89	7.22	
15975.0	198.22	-2.24	186.56	7.33	
16200.0	199.0	-2.3	187.26	7.44	
16425.0	199.86	-2.53	187.93	7.56	
16650.0	200.45	-2.52	188.7	7.7	
16875.0	200.98	-2.56	189.17	7.82	
17100.0	201.74	-2.49	189.58	7.97	
17325.0	202.27	-2.56	190.03	8.11	
17550.0	202.8	-2.56	190.62	8.28	
17775.0	203.51	-2.61	191.13	8.37	
18000.0	204.12	-2.6	191.84	8.54	
18225.0	204.57	-2.4	192.28	8.72	
18450.0	205.24	-2.91	192.55	8.75	
18675.0	205.77	-2.7	192.98	8.89	
18900.0	206.12	-2.89	193.35	9.03	
19125.0	207.01	-3.13	193.54	9.13	
19350.0	207.57	-3.51	193.33	9.41	
19575.0	208.19	-3.64	194.14	9.64	
19800.0	208.61	-3.83	194.45	9.69	
20025.0	208.95	-3.93	194.6	9.66	
20250.0	209.59	-3.95	194.88	9.86	
20475.0	209.94	-3.96	195.38	10.03	
20700.0	210.25	-4.05	195.79	10.12	
20925.0	210.76	-4.14	196.04	10.02	
21150.0	211.09	-4.09	196.28	10.11	
21375.0	211.4	-4.04	196.67	10.28	
21600.0	211.59	-4.19	196.91	10.35	
21825.0	211.87	-4.3	197.12	10.51	
22050.0	212.27	-4.17	197.63	10.71	
22275.0	212.64	-4.37	197.56	10.73	
22500.0	212.86	-4.28	197.89	10.74	
22725.0	213.11	-4.31	198.38	10.87	
22950.0	213.59	-4.44	198.56	10.88	
23175.0	213.81	-4.49	198.59	10.84	
23400.0	214.12	-4.5	198.85	10.97	
23625.0	214.24	-4.45	199.09	11.04	
23850.0	214.51	-4.52	199.42	11.14	
24075.0	214.76	-4.5	199.43	11.16	
24300.0	214.98	-4.51	199.61	11.19	
24525.0	215.26	-4.49	199.7	11.26	
24750.0	215.51	-4.5	200.22	11.41	
24975.0	215.7	-4.5	200.16	11.41	
25200.0	215.78	-4.56	200.36	11.49	
25425.0	215.98	-4.53	200.77	11.57	
25650.0	216.17	-4.52	200.68	11.57	
25875.0	216.27	-4.48	200.57	11.62	
26100.0	216.57	-4.48	200.98	11.67	
26325.0	216.69	-4.46	201.19	11.79	
26550.0	216.88	-4.48	201.41	11.81	
26775.0	216.94	-4.49	201.31	11.82	
27000.0	217.06	-4.48	201.46	11.88	
27225.0	217.21	-4.5	201.59	11.86	
27450.0	217.73	-4.5	201.56	11.9	
27675.0	217.68	-4.48	201.93	11.99	
27900.0	217.78	-4.55	202.05	12.02	
28125.0	217.9	-4.59	201.95	12.1	
28350.0	217.95	-4.53	202.21	12.13	
28575.0	218.0	-4.62	202.3	12.12	
28800.0	218.13	-4.53	202.43	12.15	
29025.0	218.2	-4.57	202.4	12.14	
29250.0	218.43	-4.62	202.51	12.21	
29475.0	218.52	-4.62	202.51	12.22	
29700.0	218.58	-4.64	202.77	12.26	
29925.0	218.7	-4.58	202.87	12.34	
30150.0	218.67	-4.54	202.98	12.32	
30375.0	218.86	-4.66	202.8	12.29	
30600.0	218.83	-4.68	202.9	12.33	
30825.0	219.06	-4.65	202.98	12.31	
31050.0	219.07	-4.65	203.11	12.41	
31275.0	219.2	-4.58	203.23	12.41	
31500.0	219.29	-4.65	203.33	12.43	
31725.0	219.23	-4.62	203.41	12.51	
31950.0	219.36	-4.62	203.28	12.4	
32175.0	219.38	-4.66	203.46	12.49	
32400.0	219.55	-4.69	203.52	12.5	
32625.0	219.51	-4.61	203.54	12.46	
32850.0	219.64	-4.7	203.53	12.52	
33075.0	219.6	-4.61	203.69	12.52	
33300.0	219.77	-4.65	203.74	12.57	
33525.0	219.74	-4.69	203.83	12.6	
33750.0	219.93	-4.67	203.79	12.53	
33975.0	220.04	-4.63	203.99	12.61	
34200.0	220.0	-4.63	203.92	12.59	
34425.0	220.09	-4.64	203.92	12.58	
34650.0	220.13	-4.66	203.91	12.61	
34875.0	220.11	-4.64	204.04	12.62	
35100.0	220.16	-4.65	204.06	12.67	
35325.0	220.19	-4.68	204.16	12.67	
35550.0	220.18	-4.69	204.11	12.68	
35775.0	220.24	-4.66	204.08	12.68	
36000.0	220.31	-4.68	204.22	12.68	
36225.0	220.29	-4.66	204.14	12.72	
36450.0	220.41	-4.68	204.14	12.67	
36675.0	220.44	-4.68	204.26	12.7	
36900.0	220.43	-4.71	204.34	12.71	
37125.0	220.47	-4.65	204.32	12.7	
37350.0	220.52	-4.65	204.36	12.77	
37575.0	220.53	-4.64	204.42	12.73	
37800.0	220.49	-4.7	204.28	12.72	
38025.0	220.54	-4.7	204.31	12.73	
38250.0	220.58	-4.67	204.39	12.72	
38475.0	220.63	-4.62	204.53	12.8	
38700.0	220.61	-4.74	204.44	12.73	
38925.0	220.7	-4.66	204.52	12.77	
39150.0	220.68	-4.69	204.54	12.77	
39375.0	220.7	-4.67	204.56	12.77	
39600.0	220.73	-4.67	204.51	12.8	
39825.0	220.7	-4.65	204.48	12.75	
40050.0	220.77	-4.72	204.46	12.78	
40275.0	220.65	-4.71	204.64	12.8	
40500.0	220.75	-4.65	204.54	12.77	
40725.0	220.83	-4.72	204.54	12.81	
40950.0	220.81	-4.68	204.68	12.78	
41175.0	220.82	-4.71	204.67	12.84	
41400.0	220.84	-4.69	204.49	12.78	
41625.0	220.82	-4.74	204.6	12.83	
41850.0	220.81	-4.69	204.6	12.86	
42075.0	220.88	-4.69	204.77	12.82	
42300.0	220.91	-4.7	204.68	12.83	
42525.0	220.93	-4.72	204.72	12.81	
42750.0	220.97	-4.74	204.77	12.82	
42975.0	220.93	-4.71	204.67	12.84	
43200.0	220.9	-4.67	204.61	12.8	
43425.0	220.94	-4.7	204.75	12.88	
43650.0	220.98	-4.7	204.65	12.79	
43875.0	220.92	-4.72	204.78	12.83	
44100.0	220.96	-4.69	204.66	12.82	
44325.0	220.98	-4.71	204.77	12.85	
44550.0	221.0	-4.66	204.79	12.87	
44775.0	220.94	-4.67	204.8	12.84	
45000.0	220.98	-4.67	204.71	12.83	
45225.0	220.99	-4.72	204.68	12.84	
45450.0	221.04	-4.72	204.73	12.82	
45675.0	221.07	-4.68	204.91	12.9	
45900.0	221.0	-4.71	204.81	12.83	
46125.0	220.99	-4.65	204.76	12.82	
46350.0	221.07	-4.7	204.81	12.87	
46575.0	221.03	-4.73	204.66	12.78	
46800.0	221.05	-4.7	204.72	12.9	
47025.0	221.08	-4.71	204.78	12.87	
47250.0	221.13	-4.7	204.8	12.85	
47475.0	221.03	-4.68	204.89	12.88	
47700.0	221.08	-4.67	204.81	12.85	
47925.0	221.1	-4.67	204.76	12.89	
48150.0	221.11	-4.7	204.84	12.84	
48375.0	221.04	-4.71	204.67	12.86	
48600.0	221.11	-4.68	204.79	12.89	
48825.0	221.1	-4.69	204.94	12.87	
49050.0	221.11	-4.7	204.83	12.9	
49275.0	221.11	-4.71	204.89	12.87	
49500.0	221.11	-4.73	204.9	12.91	
49725.0	221.05	-4.72	204.85	12.88	
49950.0	221.08	-4.7	204.87	12.85	
50175.0	221.09	-4.7	204.85	12.92	
50400.0	221.14	-4.69	204.81	12.87	
50625.0	221.08	-4.7	204.96	12.93	
50850.0	221.07	-4.69	204.86	12.86	
51075.0	221.14	-4.72	204.78	12.88	
51300.0	221.15	-4.71	204.83	12.87	
51525.0	221.12	-4.71	204.85	12.87	
51750.0	221.13	-4.75	204.85	12.94	
51975.0	221.08	-4.71	204.8	12.87	
52200.0	221.05	-4.68	204.89	12.87	
52425.0	221.12	-4.71	204.92	12.9	
52650.0	221.14	-4.68	204.87	12.88	
52875.0	221.13	-4.66	204.87	12.92	
53100.0	221.14	-4.69	204.96	12.88	
53325.0	221.16	-4.69	204.82	12.87	
53550.0	221.16	-4.69	204.92	12.91	
53775.0	221.27	-4.71	204.91	12.87	
54000.0	221.23	-4.67	204.94	12.89	
54225.0	221.18	-4.66	204.94	12.88	
54450.0	221.17	-4.73	204.93	12.9	
54675.0	221.22	-4.69	204.95	12.91	
54900.0	221.2	-4.69	205.0	12.88	
55125.0	221.15	-4.7	204.96	12.9	
55350.0	221.17	-4.66	204.77	12.85	
55575.0	221.13	-4.67	204.83	12.88	
55800.0	221.15	-4.7	204.97	12.91	
56025.0	221.13	-4.71	204.78	12.84	
56250.0	221.18	-4.74	204.87	12.91	
56475.0	221.14	-4.71	205.02	12.89	
56700.0	221.14	-4.68	204.89	12.9	
56925.0	221.22	-4.68	204.93	12.89	
57150.0	221.24	-4.69	204.88	12.88	
57375.0	221.22	-4.68	204.83	12.88	
57600.0	221.12	-4.71	204.85	12.88	
57825.0	221.15	-4.74	204.99	12.93	
58050.0	221.12	-4.7	204.82	12.88	
58275.0	221.2	-4.7	204.93	12.87	
58500.0	221.18	-4.68	204.95	12.9	
58725.0	221.26	-4.68	204.76	12.84	
58950.0	221.21	-4.69	204.99	12.92	
59175.0	221.22	-4.71	204.91	12.88	
59400.0	221.19	-4.71	205.04	12.87	
59625.0	221.24	-4.72	204.94	12.88	
59850.0	221.25	-4.7	204.88	12.85	
60075.0	221.24	-4.67	204.98	12.93	
60300.0	221.23	-4.69	204.93	12.85	
60525.0	221.17	-4.68	204.95	12.9	
60750.0	221.14	-4.72	204.96	12.91	
60975.0	221.22	-4.73	204.91	12.85	
61200.0	221.22	-4.72	204.97	12.92	
61425.0	221.12	-4.7	204.87	12.85	
61650.0	221.18	-4.68	204.79	12.9	
61875.0	221.14	-4.67	205.0	12.92	
62100.0	221.16	-4.68	204.9	12.88	
62325.0	221.19	-4.72	204.85	12.89	
62550.0	221.19	-4.73	204.96	12.91	
62775.0	221.2	-4.72	204.82	12.92	
63000.0	221.21	-4.69	204.87	12.85	
63225.0	221.17	-4.66	204.81	12.91	
63450.0	221.11	-4.68	204.78	12.9	
63675.0	221.14	-4.7	204.97	12.89	
63900.0	221.17	-4.72	204.99	12.93	
64125.0	221.18	-4.73	204.95	12.89	
64350.0	221.18	-4.72	204.94	12.9	
64575.0	221.17	-4.67	204.87	12.92	
64800.0	221.18	-4.68	205.0	12.87	
65025.0	221.16	-4.68	204.8	12.91	
65250.0	221.14	-4.69	204.89	12.88	
65475.0	221.17	-4.72	204.98	12.9	
65700.0	221.15	-4.73	204.93	12.94	
65925.0	221.16	-4.7	204.96	12.86	
66150.0	221.14	-4.7	204.96	12.91	
66375.0	221.19	-4.69	204.91	12.85	
66600.0	221.23	-4.69	204.94	12.92	
66825.0	221.2	-4.7	204.81	12.9	
67050.0	221.2	-4.72	204.87	12.88	
67275.0	221.13	-4.73	204.97	12.93	
67500.0	221.15	-4.73	204.94	12.87	
67725.0	221.19	-4.69	204.82	12.89	
67950.0	221.25	-4.68	205.02	12.92	
68175.0	221.2	-4.68	204.96	12.9	
68400.0	221.24	-4.68	204.84	12.92	
68625.0	221.17	-4.72	204.85	12.87	
68850.0	221.14	-4.73	204.94	12.93	
69075.0	221.11	-4.72	204.95	12.89	
69300.0	221.17	-4.68	204.88	12.89	
69525.0	221.2	-4.66	205.02	12.95	
69750.0	221.2	-4.66	204.98	12.88	
69975.0	221.2	-4.7	205.05	12.93	
70200.0	221.22	-4.73	204.94	12.87	
70425.0	221.23	-4.73	204.82	12.88	
70650.0	221.2	-4.71	204.84	12.9	
70875.0	221.23	-4.68	204.93	12.88	
71100.0	221.21	-4.66	204.98	12.93	
71325.0	221.19	-4.68	204.89	12.87	
71550.0	221.24	-4.7	204.81	12.85	
71775.0	221.25	-4.73	205.0	12.91	
72000.0	221.14	-4.74	204.94	12.88	
